 -0.5324E+01 -0.1344E+02 -0.3216E+01  0.9052E+00 -0.1500E+03  0.1500E+03
 -0.3150E+01 -0.1091E+02 -0.3102E+01  0.8981E+00 -0.1368E+03  0.1368E+03
 -0.1472E+01 -0.8946E+01 -0.2993E+01  0.8936E+00 -0.1248E+03  0.1248E+03
 -0.7538E-01 -0.7280E+01 -0.2887E+01  0.8918E+00 -0.1138E+03  0.1138E+03
  0.1256E+01 -0.5647E+01 -0.2786E+01  0.8929E+00 -0.1038E+03  0.1038E+03
  0.2157E+01 -0.4530E+01 -0.2689E+01  0.8969E+00 -0.9464E+02  0.9464E+02
  0.2792E+01 -0.3716E+01 -0.2598E+01  0.9040E+00 -0.8632E+02  0.8632E+02
  0.3294E+01 -0.3037E+01 -0.2513E+01  0.9143E+00 -0.7872E+02  0.7872E+02
  0.3804E+01 -0.2311E+01 -0.2434E+01  0.9279E+00 -0.7179E+02  0.7179E+02
  0.3990E+01 -0.1997E+01 -0.2362E+01  0.9449E+00 -0.6548E+02  0.6548E+02
  0.4015E+01 -0.1874E+01 -0.2298E+01  0.9654E+00 -0.5972E+02  0.5972E+02
  0.3961E+01 -0.1830E+01 -0.2241E+01  0.9894E+00 -0.5446E+02  0.5446E+02
  0.3937E+01 -0.1719E+01 -0.2194E+01  0.1017E+01 -0.4967E+02  0.4967E+02
  0.3807E+01 -0.1742E+01 -0.2155E+01  0.1048E+01 -0.4530E+02  0.4530E+02
  0.3562E+01 -0.1908E+01 -0.2126E+01  0.1084E+01 -0.4131E+02  0.4131E+02
  0.3318E+01 -0.2053E+01 -0.2108E+01  0.1122E+01 -0.3768E+02  0.3768E+02
  0.3044E+01 -0.2228E+01 -0.2102E+01  0.1165E+01 -0.3436E+02  0.3436E+02
  0.2655E+01 -0.2557E+01 -0.2107E+01  0.1211E+01 -0.3134E+02  0.3134E+02
  0.2240E+01 -0.2908E+01 -0.2125E+01  0.1260E+01 -0.2858E+02  0.2858E+02
  0.1836E+01 -0.3227E+01 -0.2156E+01  0.1313E+01 -0.2607E+02  0.2607E+02
  0.1491E+01 -0.3453E+01 -0.2201E+01  0.1370E+01 -0.2377E+02  0.2377E+02
  0.1068E+01 -0.3770E+01 -0.2261E+01  0.1429E+01 -0.2168E+02  0.2168E+02
  0.6380E+00 -0.4078E+01 -0.2335E+01  0.1490E+01 -0.1977E+02  0.1977E+02
  0.2506E+00 -0.4317E+01 -0.2425E+01  0.1554E+01 -0.1803E+02  0.1803E+02
 -0.1748E+00 -0.4575E+01 -0.2530E+01  0.1619E+01 -0.1645E+02  0.1645E+02
 -0.5866E+00 -0.4796E+01 -0.2651E+01  0.1685E+01 -0.1500E+02  0.1500E+02
 -0.9815E+00 -0.4964E+01 -0.2786E+01  0.1751E+01 -0.1368E+02  0.1368E+02
 -0.1379E+01 -0.5097E+01 -0.2937E+01  0.1816E+01 -0.1248E+02  0.1248E+02
 -0.1764E+01 -0.5196E+01 -0.3100E+01  0.1880E+01 -0.1138E+02  0.1138E+02
 -0.2143E+01 -0.5240E+01 -0.3275E+01  0.1940E+01 -0.1038E+02  0.1038E+02
 -0.2505E+01 -0.5241E+01 -0.3460E+01  0.1996E+01 -0.9464E+01  0.9464E+01
 -0.2854E+01 -0.5185E+01 -0.3652E+01  0.2046E+01 -0.8632E+01  0.8632E+01
 -0.3180E+01 -0.5079E+01 -0.3847E+01  0.2089E+01 -0.7872E+01  0.7872E+01
 -0.3480E+01 -0.4924E+01 -0.4041E+01  0.2122E+01 -0.7179E+01  0.7179E+01
 -0.3747E+01 -0.4721E+01 -0.4230E+01  0.2145E+01 -0.6548E+01  0.6548E+01
 -0.3972E+01 -0.4475E+01 -0.4405E+01  0.2154E+01 -0.5972E+01  0.5972E+01
 -0.4151E+01 -0.4194E+01 -0.4561E+01  0.2148E+01 -0.5446E+01  0.5446E+01
 -0.4271E+01 -0.3885E+01 -0.4690E+01  0.2127E+01 -0.4967E+01  0.4967E+01
 -0.4324E+01 -0.3557E+01 -0.4783E+01  0.2087E+01 -0.4530E+01  0.4530E+01
 -0.4302E+01 -0.3217E+01 -0.4831E+01  0.2028E+01 -0.4131E+01  0.4131E+01
 -0.4201E+01 -0.2874E+01 -0.4826E+01  0.1950E+01 -0.3768E+01  0.3768E+01
 -0.4021E+01 -0.2535E+01 -0.4759E+01  0.1854E+01 -0.3436E+01  0.3436E+01
 -0.3760E+01 -0.2205E+01 -0.4625E+01  0.1739E+01 -0.3134E+01  0.3134E+01
 -0.3432E+01 -0.1889E+01 -0.4421E+01  0.1610E+01 -0.2858E+01  0.2858E+01
 -0.3045E+01 -0.1591E+01 -0.4148E+01  0.1470E+01 -0.2607E+01  0.2607E+01
 -0.2619E+01 -0.1317E+01 -0.3816E+01  0.1324E+01 -0.2377E+01  0.2377E+01
 -0.2180E+01 -0.1071E+01 -0.3438E+01  0.1179E+01 -0.2168E+01  0.2168E+01
 -0.1757E+01 -0.8591E+00 -0.3041E+01  0.1042E+01 -0.1977E+01  0.1977E+01
 -0.1379E+01 -0.6848E+00 -0.2654E+01  0.9186E+00 -0.1803E+01  0.1803E+01
 -0.1073E+01 -0.5483E+00 -0.2313E+01  0.8139E+00 -0.1645E+01  0.1645E+01
  0.6028E+01  0.5374E+01 -0.7674E+00  0.2918E+00 -0.1500E+01  0.1500E+01
 -0.2921E+02 -0.3928E+02 -0.3367E+01  0.9374E+00
 -0.2420E+02 -0.3377E+02 -0.3260E+01  0.9300E+00
 -0.1990E+02 -0.2895E+02 -0.3154E+01  0.9245E+00
 -0.1608E+02 -0.2473E+02 -0.3054E+01  0.9203E+00
 -0.1283E+02 -0.2109E+02 -0.2955E+01  0.9207E+00
 -0.1009E+02 -0.1800E+02 -0.2864E+01  0.9246E+00
 -0.7746E+01 -0.1535E+02 -0.2669E+01  0.8828E+00
 -0.5818E+01 -0.1313E+02 -0.2584E+01  0.8889E+00
 -0.4189E+01 -0.1125E+02 -0.2508E+01  0.9012E+00
 -0.2852E+01 -0.9680E+01 -0.2431E+01  0.9062E+00
 -0.1655E+01 -0.8277E+01 -0.2363E+01  0.9278E+00
 -0.8064E+00 -0.7232E+01 -0.2308E+01  0.9492E+00
 -0.1096E+00 -0.6365E+01 -0.2261E+01  0.9734E+00
  0.3897E+00 -0.5707E+01 -0.2213E+01  0.9960E+00
  0.7400E+00 -0.5201E+01 -0.2197E+01  0.1028E+01
  0.9604E+00 -0.4835E+01 -0.2159E+01  0.1058E+01
  0.1095E+01 -0.4564E+01 -0.2146E+01  0.1095E+01
  0.1114E+01 -0.4408E+01 -0.2139E+01  0.1132E+01
  0.1051E+01 -0.4337E+01 -0.2152E+01  0.1175E+01
  0.9627E+00 -0.4290E+01 -0.2166E+01  0.1218E+01
  0.7911E+00 -0.4317E+01 -0.2197E+01  0.1266E+01
  0.5756E+00 -0.4387E+01 -0.2240E+01  0.1314E+01
  0.2907E+00 -0.4505E+01 -0.2290E+01  0.1363E+01
  0.1994E-01 -0.4604E+01 -0.2359E+01  0.1418E+01
 -0.2802E+00 -0.4714E+01 -0.2435E+01  0.1469E+01
 -0.5745E+00 -0.4801E+01 -0.2526E+01  0.1523E+01
 -0.8978E+00 -0.4900E+01 -0.2719E+01  0.1622E+01
 -0.1236E+01 -0.4992E+01 -0.2829E+01  0.1674E+01
 -0.1578E+01 -0.5065E+01 -0.2955E+01  0.1727E+01
 -0.1904E+01 -0.5100E+01 -0.3081E+01  0.1775E+01
 -0.2236E+01 -0.5121E+01 -0.3224E+01  0.1823E+01
 -0.2562E+01 -0.5115E+01 -0.3368E+01  0.1865E+01
 -0.2863E+01 -0.5071E+01 -0.3519E+01  0.1904E+01
 -0.3274E+01 -0.5117E+01 -0.3668E+01  0.1936E+01
 -0.3519E+01 -0.5004E+01 -0.3812E+01  0.1961E+01
 -0.3748E+01 -0.4865E+01 -0.3951E+01  0.1978E+01
 -0.3948E+01 -0.4704E+01 -0.4080E+01  0.1986E+01
 -0.4108E+01 -0.4518E+01 -0.4197E+01  0.1984E+01
 -0.4250E+01 -0.4326E+01 -0.4298E+01  0.1973E+01
 -0.4337E+01 -0.4108E+01 -0.4375E+01  0.1951E+01
 -0.4373E+01 -0.3871E+01 -0.4429E+01  0.1918E+01
 -0.4366E+01 -0.3624E+01 -0.4455E+01  0.1874E+01
 -0.4309E+01 -0.3370E+01 -0.4446E+01  0.1817E+01
 -0.4179E+01 -0.3080E+01 -0.4405E+01  0.1751E+01
 -0.4031E+01 -0.2820E+01 -0.4324E+01  0.1674E+01
 -0.3836E+01 -0.2559E+01 -0.4204E+01  0.1587E+01
 -0.3609E+01 -0.2311E+01 -0.4040E+01  0.1491E+01
 -0.3299E+01 -0.2028E+01 -0.3832E+01  0.1387E+01
 -0.2958E+01 -0.1767E+01 -0.3573E+01  0.1273E+01
 -0.2547E+01 -0.1494E+01 -0.3252E+01  0.1149E+01
 -0.1916E+01 -0.1119E+01 -0.2799E+01  0.1000E+01
 -0.1531E+02 -0.2417E+02 -0.3283E+01  0.9206E+00
 -0.1198E+02 -0.2045E+02 -0.3185E+01  0.9140E+00
 -0.9140E+01 -0.1718E+02 -0.3076E+01  0.9074E+00
 -0.6631E+01 -0.1434E+02 -0.2971E+01  0.9051E+00
 -0.4522E+01 -0.1192E+02 -0.2870E+01  0.9045E+00
 -0.2828E+01 -0.9710E+01 -0.2774E+01  0.9079E+00
 -0.1442E+01 -0.8318E+01 -0.2682E+01  0.9118E+00
 -0.2918E+00 -0.6936E+01 -0.2596E+01  0.9207E+00
  0.5897E+00 -0.5858E+01 -0.2516E+01  0.9328E+00
  0.1287E+01 -0.4989E+01 -0.2439E+01  0.9452E+00
  0.1780E+01 -0.4327E+01 -0.2378E+01  0.9653E+00
  0.2168E+01 -0.3797E+01 -0.2319E+01  0.9881E+00
  0.2418E+01 -0.3412E+01 -0.2260E+01  0.1011E+01
  0.2510E+01 -0.3198E+01 -0.2223E+01  0.1039E+01
  0.2520E+01 -0.3095E+01 -0.2194E+01  0.1072E+01
  0.2417E+01 -0.3071E+01 -0.2179E+01  0.1106E+01
  0.2297E+01 -0.3098E+01 -0.2165E+01  0.1146E+01
  0.2094E+01 -0.3193E+01 -0.2155E+01  0.1184E+01
  0.1872E+01 -0.3328E+01 -0.2169E+01  0.1230E+01
  0.1584E+01 -0.3497E+01 -0.2192E+01  0.1279E+01
  0.1272E+01 -0.3693E+01 -0.2235E+01  0.1334E+01
  0.9412E+00 -0.3899E+01 -0.2279E+01  0.1385E+01
  0.5932E+00 -0.4110E+01 -0.2344E+01  0.1440E+01
  0.2636E+00 -0.4288E+01 -0.2421E+01  0.1500E+01
 -0.1313E+00 -0.4517E+01 -0.2511E+01  0.1559E+01
 -0.5020E+00 -0.4683E+01 -0.2621E+01  0.1623E+01
 -0.8629E+00 -0.4829E+01 -0.2729E+01  0.1677E+01
 -0.1243E+01 -0.4967E+01 -0.2860E+01  0.1737E+01
 -0.1617E+01 -0.5070E+01 -0.3004E+01  0.1797E+01
 -0.1986E+01 -0.5131E+01 -0.3151E+01  0.1850E+01
 -0.2338E+01 -0.5153E+01 -0.3323E+01  0.1907E+01
 -0.2668E+01 -0.5133E+01 -0.3492E+01  0.1956E+01
 -0.2993E+01 -0.5075E+01 -0.3661E+01  0.1997E+01
 -0.3271E+01 -0.4957E+01 -0.3833E+01  0.2031E+01
 -0.3540E+01 -0.4819E+01 -0.4004E+01  0.2058E+01
 -0.3776E+01 -0.4644E+01 -0.4163E+01  0.2073E+01
 -0.3999E+01 -0.4456E+01 -0.4312E+01  0.2079E+01
 -0.4147E+01 -0.4213E+01 -0.4442E+01  0.2071E+01
 -0.4243E+01 -0.3945E+01 -0.4549E+01  0.2050E+01
 -0.4295E+01 -0.3664E+01 -0.4623E+01  0.2013E+01
 -0.4280E+01 -0.3366E+01 -0.4663E+01  0.1962E+01
 -0.4192E+01 -0.3051E+01 -0.4661E+01  0.1896E+01
 -0.4050E+01 -0.2739E+01 -0.4609E+01  0.1813E+01
 -0.3835E+01 -0.2423E+01 -0.4501E+01  0.1715E+01
 -0.3557E+01 -0.2113E+01 -0.4335E+01  0.1604E+01
 -0.3216E+01 -0.1810E+01 -0.4106E+01  0.1479E+01
 -0.2824E+01 -0.1521E+01 -0.3818E+01  0.1346E+01
 -0.2393E+01 -0.1250E+01 -0.3473E+01  0.1207E+01
 -0.1945E+01 -0.1006E+01 -0.3083E+01  0.1068E+01
 -0.1509E+01 -0.7927E+00 -0.2675E+01  0.9367E+00
 -0.1160E+01 -0.6299E+00 -0.2311E+01  0.8249E+00
 -0.2175E+02 -0.3181E+02 -0.3367E+01  0.9374E+00 -0.3668E+02 -0.4674E+02
 -0.1673E+02 -0.2631E+02 -0.3260E+01  0.9300E+00 -0.3167E+02 -0.4125E+02
 -0.1253E+02 -0.2159E+02 -0.3154E+01  0.9245E+00 -0.2735E+02 -0.3641E+02
 -0.8537E+01 -0.1719E+02 -0.3054E+01  0.9203E+00 -0.2349E+02 -0.3214E+02
 -0.5339E+01 -0.1360E+02 -0.2955E+01  0.9207E+00 -0.2027E+02 -0.2853E+02
 -0.2616E+01 -0.1053E+02 -0.2864E+01  0.9246E+00 -0.1758E+02 -0.2550E+02
 -0.2958E+00 -0.7896E+01 -0.2669E+01  0.8828E+00 -0.1520E+02 -0.2280E+02
  0.1648E+01 -0.5667E+01 -0.2584E+01  0.8889E+00 -0.1328E+02 -0.2059E+02
  0.3282E+01 -0.3780E+01 -0.2508E+01  0.9012E+00 -0.1165E+02 -0.1871E+02
  0.4581E+01 -0.2213E+01 -0.2431E+01  0.9062E+00 -0.1032E+02 -0.1715E+02
  0.5824E+01 -0.8051E+00 -0.2363E+01  0.9278E+00 -0.9116E+01 -0.1574E+02
  0.6690E+01  0.2595E+00 -0.2308E+01  0.9492E+00 -0.8249E+01 -0.1468E+02
  0.7358E+01  0.1102E+01 -0.2261E+01  0.9734E+00 -0.7576E+01 -0.1383E+02
  0.7854E+01  0.1753E+01 -0.2213E+01  0.9960E+00 -0.7083E+01 -0.1318E+02
  0.8205E+01  0.2265E+01 -0.2197E+01  0.1028E+01 -0.6726E+01 -0.1267E+02
  0.8408E+01  0.2614E+01 -0.2159E+01  0.1058E+01 -0.6505E+01 -0.1230E+02
  0.8562E+01  0.2902E+01 -0.2146E+01  0.1095E+01 -0.6371E+01 -0.1203E+02
  0.8581E+01  0.3057E+01 -0.2139E+01  0.1132E+01 -0.6352E+01 -0.1188E+02
  0.8500E+01  0.3145E+01 -0.2152E+01  0.1175E+01 -0.6399E+01 -0.1179E+02
  0.8429E+01  0.3176E+01 -0.2166E+01  0.1218E+01 -0.6503E+01 -0.1176E+02
  0.8261E+01  0.3150E+01 -0.2197E+01  0.1266E+01 -0.6672E+01 -0.1178E+02
  0.8002E+01  0.3063E+01 -0.2240E+01  0.1314E+01 -0.6890E+01 -0.1185E+02
  0.7757E+01  0.2961E+01 -0.2290E+01  0.1363E+01 -0.7176E+01 -0.1197E+02
  0.7433E+01  0.2814E+01 -0.2359E+01  0.1418E+01 -0.7446E+01 -0.1207E+02
  0.7187E+01  0.2753E+01 -0.2435E+01  0.1469E+01 -0.7740E+01 -0.1217E+02
  0.6891E+01  0.2664E+01 -0.2526E+01  0.1523E+01 -0.8041E+01 -0.1227E+02
  0.6569E+01  0.2567E+01 -0.2719E+01  0.1622E+01 -0.8355E+01 -0.1236E+02
  0.6222E+01  0.2448E+01 -0.2829E+01  0.1674E+01 -0.8702E+01 -0.1246E+02
  0.5844E+01  0.2405E+01 -0.2955E+01  0.1727E+01 -0.9046E+01 -0.1253E+02
  0.5562E+01  0.2366E+01 -0.3081E+01  0.1775E+01 -0.9372E+01 -0.1257E+02
  0.5230E+01  0.2345E+01 -0.3224E+01  0.1823E+01 -0.9703E+01 -0.1259E+02
  0.4905E+01  0.2352E+01 -0.3368E+01  0.1865E+01 -0.1001E+02 -0.1256E+02
  0.4600E+01  0.2393E+01 -0.3519E+01  0.1904E+01 -0.1033E+02 -0.1254E+02
  0.4194E+01  0.2350E+01 -0.3668E+01  0.1936E+01 -0.1074E+02 -0.1258E+02
  0.3951E+01  0.2468E+01 -0.3812E+01  0.1961E+01 -0.1098E+02 -0.1246E+02
  0.3717E+01  0.2603E+01 -0.3951E+01  0.1978E+01 -0.1121E+02 -0.1233E+02
  0.3521E+01  0.2763E+01 -0.4080E+01  0.1986E+01 -0.1142E+02 -0.1217E+02
  0.3355E+01  0.2944E+01 -0.4197E+01  0.1984E+01 -0.1157E+02 -0.1198E+02
  0.3216E+01  0.3140E+01 -0.4298E+01  0.1973E+01 -0.1172E+02 -0.1179E+02
  0.3130E+01  0.3359E+01 -0.4375E+01  0.1951E+01 -0.1180E+02 -0.1157E+02
  0.3093E+01  0.3595E+01 -0.4429E+01  0.1918E+01 -0.1184E+02 -0.1134E+02
  0.3100E+01  0.3843E+01 -0.4455E+01  0.1874E+01 -0.1183E+02 -0.1109E+02
  0.3153E+01  0.4097E+01 -0.4446E+01  0.1817E+01 -0.1177E+02 -0.1082E+02
  0.3289E+01  0.4388E+01 -0.4405E+01  0.1751E+01 -0.1164E+02 -0.1055E+02
  0.3435E+01  0.4646E+01 -0.4324E+01  0.1674E+01 -0.1150E+02 -0.1029E+02
  0.3615E+01  0.4901E+01 -0.4204E+01  0.1587E+01 -0.1129E+02 -0.1003E+02
  0.3857E+01  0.5155E+01 -0.4040E+01  0.1491E+01 -0.1108E+02 -0.9778E+01
  0.4167E+01  0.5438E+01 -0.3832E+01  0.1387E+01 -0.1077E+02 -0.9495E+01
  0.4507E+01  0.5699E+01 -0.3573E+01  0.1273E+01 -0.1042E+02 -0.9234E+01
  0.4919E+01  0.5972E+01 -0.3252E+01  0.1149E+01 -0.1001E+02 -0.8959E+01
  0.5550E+01  0.6348E+01 -0.2799E+01  0.1000E+01 -0.9382E+01 -0.8586E+01
 -0.7844E+01 -0.1671E+02 -0.3283E+01  0.9206E+00 -0.2275E+02 -0.3161E+02
 -0.4465E+01 -0.1293E+02 -0.3185E+01  0.9140E+00 -0.1940E+02 -0.2787E+02
 -0.1612E+01 -0.9650E+01 -0.3076E+01  0.9074E+00 -0.1646E+02 -0.2450E+02
  0.7638E+00 -0.6944E+01 -0.2971E+01  0.9051E+00 -0.1408E+02 -0.2176E+02
  0.2917E+01 -0.4475E+01 -0.2870E+01  0.9045E+00 -0.1193E+02 -0.1932E+02
  0.4607E+01 -0.2505E+01 -0.2774E+01  0.9079E+00 -0.1022E+02 -0.1733E+02
  0.6029E+01 -0.8416E+00 -0.2682E+01  0.9118E+00 -0.8800E+01 -0.1568E+02
  0.7170E+01  0.5320E+00 -0.2596E+01  0.9207E+00 -0.7698E+01 -0.1434E+02
  0.8066E+01  0.1618E+01 -0.2516E+01  0.9328E+00 -0.6842E+01 -0.1329E+02
  0.8756E+01  0.2480E+01 -0.2439E+01  0.9452E+00 -0.6161E+01 -0.1244E+02
  0.9273E+01  0.3165E+01 -0.2378E+01  0.9653E+00 -0.5659E+01 -0.1177E+02
  0.9641E+01  0.3676E+01 -0.2319E+01  0.9881E+00 -0.5246E+01 -0.1124E+02
  0.9873E+01  0.4045E+01 -0.2260E+01  0.1011E+01 -0.5059E+01 -0.1089E+02
  0.9959E+01  0.4252E+01 -0.2223E+01  0.1039E+01 -0.4966E+01 -0.1067E+02
  0.9961E+01  0.4363E+01 -0.2194E+01  0.1072E+01 -0.4966E+01 -0.1056E+02
  0.9874E+01  0.4386E+01 -0.2179E+01  0.1106E+01 -0.5046E+01 -0.1053E+02
  0.9767E+01  0.4382E+01 -0.2165E+01  0.1146E+01 -0.5164E+01 -0.1055E+02
  0.9565E+01  0.4278E+01 -0.2155E+01  0.1184E+01 -0.5362E+01 -0.1065E+02
  0.9329E+01  0.4125E+01 -0.2169E+01  0.1230E+01 -0.5592E+01 -0.1078E+02
  0.9051E+01  0.3972E+01 -0.2192E+01  0.1279E+01 -0.5879E+01 -0.1096E+02
  0.8740E+01  0.3776E+01 -0.2235E+01  0.1334E+01 -0.6194E+01 -0.1116E+02
  0.8485E+01  0.3568E+01 -0.2279E+01  0.1385E+01 -0.6523E+01 -0.1136E+02
  0.8059E+01  0.3356E+01 -0.2344E+01  0.1440E+01 -0.6874E+01 -0.1158E+02
  0.7677E+01  0.3148E+01 -0.2421E+01  0.1500E+01 -0.7228E+01 -0.1178E+02
  0.7326E+01  0.2950E+01 -0.2511E+01  0.1559E+01 -0.7607E+01 -0.1198E+02
  0.6974E+01  0.2792E+01 -0.2621E+01  0.1623E+01 -0.7959E+01 -0.1214E+02
  0.6599E+01  0.2635E+01 -0.2729E+01  0.1677E+01 -0.8334E+01 -0.1230E+02
  0.6213E+01  0.2497E+01 -0.2860E+01  0.1737E+01 -0.8643E+01 -0.1236E+02
  0.5842E+01  0.2402E+01 -0.3004E+01  0.1797E+01 -0.9090E+01 -0.1253E+02
  0.5489E+01  0.2342E+01 -0.3151E+01  0.1850E+01 -0.9444E+01 -0.1259E+02
  0.5133E+01  0.2317E+01 -0.3323E+01  0.1907E+01 -0.9800E+01 -0.1261E+02
  0.4793E+01  0.2332E+01 -0.3492E+01  0.1956E+01 -0.1014E+02 -0.1260E+02
  0.4477E+01  0.2393E+01 -0.3661E+01  0.1997E+01 -0.1046E+02 -0.1254E+02
  0.4195E+01  0.2509E+01 -0.3833E+01  0.2031E+01 -0.1074E+02 -0.1242E+02
  0.3924E+01  0.2647E+01 -0.4004E+01  0.2058E+01 -0.1101E+02 -0.1229E+02
  0.3688E+01  0.2821E+01 -0.4163E+01  0.2073E+01 -0.1125E+02 -0.1211E+02
  0.3490E+01  0.3030E+01 -0.4312E+01  0.2079E+01 -0.1145E+02 -0.1191E+02
  0.3315E+01  0.3252E+01 -0.4442E+01  0.2071E+01 -0.1161E+02 -0.1168E+02
  0.3224E+01  0.3520E+01 -0.4549E+01  0.2050E+01 -0.1171E+02 -0.1141E+02
  0.3171E+01  0.3802E+01 -0.4623E+01  0.2013E+01 -0.1176E+02 -0.1113E+02
  0.3190E+01  0.4103E+01 -0.4663E+01  0.1962E+01 -0.1174E+02 -0.1083E+02
  0.3270E+01  0.4412E+01 -0.4661E+01  0.1896E+01 -0.1166E+02 -0.1052E+02
  0.3408E+01  0.4727E+01 -0.4609E+01  0.1813E+01 -0.1152E+02 -0.1021E+02
  0.3634E+01  0.5044E+01 -0.4501E+01  0.1715E+01 -0.1130E+02 -0.9888E+01
  0.3909E+01  0.5353E+01 -0.4335E+01  0.1604E+01 -0.1102E+02 -0.9580E+01
  0.4243E+01  0.5648E+01 -0.4106E+01  0.1479E+01 -0.1067E+02 -0.9269E+01
  0.4641E+01  0.5945E+01 -0.3818E+01  0.1346E+01 -0.1029E+02 -0.8988E+01
  0.5074E+01  0.6216E+01 -0.3473E+01  0.1207E+01 -0.9859E+01 -0.8717E+01
  0.5522E+01  0.6461E+01 -0.3083E+01  0.1068E+01 -0.9411E+01 -0.8472E+01
  0.5956E+01  0.6673E+01 -0.2675E+01  0.9367E+00 -0.8975E+01 -0.8259E+01
  0.6307E+01  0.6837E+01 -0.2311E+01  0.8249E+00 -0.8626E+01 -0.8096E+01
 -0.1834E+03 -0.1702E+03 -0.9736E+01  0.4604E+01  0.0000E+00  0.0000E+00
 -0.1674E+03 -0.1551E+03 -0.9570E+01  0.4564E+01  0.0000E+00  0.0000E+00
 -0.1528E+03 -0.1414E+03 -0.9412E+01  0.4526E+01  0.0000E+00  0.0000E+00
 -0.1395E+03 -0.1289E+03 -0.9264E+01  0.4488E+01  0.0000E+00  0.0000E+00
 -0.1275E+03 -0.1176E+03 -0.9124E+01  0.4451E+01  0.0000E+00  0.0000E+00
 -0.1167E+03 -0.1076E+03 -0.8993E+01  0.4414E+01  0.0000E+00  0.0000E+00
 -0.1069E+03 -0.9843E+02 -0.8870E+01  0.4378E+01  0.0000E+00  0.0000E+00
 -0.9795E+02 -0.9000E+02 -0.8754E+01  0.4342E+01  0.0000E+00  0.0000E+00
 -0.8988E+02 -0.8247E+02 -0.8647E+01  0.4305E+01  0.0000E+00  0.0000E+00
 -0.8264E+02 -0.7575E+02 -0.8547E+01  0.4268E+01  0.0000E+00  0.0000E+00
 -0.7598E+02 -0.6953E+02 -0.8453E+01  0.4229E+01  0.0000E+00  0.0000E+00
 -0.6985E+02 -0.6377E+02 -0.8366E+01  0.4190E+01  0.0000E+00  0.0000E+00
 -0.6421E+02 -0.5845E+02 -0.8285E+01  0.4149E+01  0.0000E+00  0.0000E+00
 -0.5922E+02 -0.5380E+02 -0.8210E+01  0.4106E+01  0.0000E+00  0.0000E+00
 -0.5461E+02 -0.4946E+02 -0.8139E+01  0.4061E+01  0.0000E+00  0.0000E+00
 -0.5033E+02 -0.4540E+02 -0.8073E+01  0.4013E+01  0.0000E+00  0.0000E+00
 -0.4654E+02 -0.4185E+02 -0.8009E+01  0.3963E+01  0.0000E+00  0.0000E+00
 -0.4303E+02 -0.3851E+02 -0.7948E+01  0.3908E+01  0.0000E+00  0.0000E+00
 -0.3976E+02 -0.3536E+02 -0.7888E+01  0.3850E+01  0.0000E+00  0.0000E+00
 -0.3671E+02 -0.3239E+02 -0.7829E+01  0.3787E+01  0.0000E+00  0.0000E+00
 -0.3395E+02 -0.2969E+02 -0.7768E+01  0.3719E+01  0.0000E+00  0.0000E+00
 -0.3143E+02 -0.2721E+02 -0.7705E+01  0.3646E+01  0.0000E+00  0.0000E+00
 -0.2907E+02 -0.2484E+02 -0.7637E+01  0.3567E+01  0.0000E+00  0.0000E+00
 -0.2689E+02 -0.2264E+02 -0.7563E+01  0.3480E+01  0.0000E+00  0.0000E+00
 -0.2488E+02 -0.2059E+02 -0.7481E+01  0.3387E+01  0.0000E+00  0.0000E+00
 -0.2299E+02 -0.1864E+02 -0.7388E+01  0.3286E+01  0.0000E+00  0.0000E+00
 -0.2125E+02 -0.1682E+02 -0.7283E+01  0.3177E+01  0.0000E+00  0.0000E+00
 -0.1962E+02 -0.1512E+02 -0.7161E+01  0.3058E+01  0.0000E+00  0.0000E+00
 -0.1810E+02 -0.1351E+02 -0.7022E+01  0.2931E+01  0.0000E+00  0.0000E+00
 -0.1666E+02 -0.1200E+02 -0.6861E+01  0.2795E+01  0.0000E+00  0.0000E+00
 -0.1530E+02 -0.1058E+02 -0.6676E+01  0.2649E+01  0.0000E+00  0.0000E+00
 -0.1400E+02 -0.9253E+01 -0.6464E+01  0.2493E+01  0.0000E+00  0.0000E+00
 -0.1276E+02 -0.8017E+01 -0.6221E+01  0.2329E+01  0.0000E+00  0.0000E+00
 -0.1157E+02 -0.6877E+01 -0.5946E+01  0.2155E+01  0.0000E+00  0.0000E+00
 -0.1042E+02 -0.5832E+01 -0.5637E+01  0.1974E+01  0.0000E+00  0.0000E+00
 -0.9297E+01 -0.4883E+01 -0.5291E+01  0.1786E+01  0.0000E+00  0.0000E+00
 -0.8211E+01 -0.4030E+01 -0.4909E+01  0.1594E+01  0.0000E+00  0.0000E+00
 -0.7152E+01 -0.3272E+01 -0.4491E+01  0.1398E+01  0.0000E+00  0.0000E+00
 -0.6128E+01 -0.2609E+01 -0.4041E+01  0.1203E+01  0.0000E+00  0.0000E+00
 -0.5143E+01 -0.2036E+01 -0.3563E+01  0.1010E+01  0.0000E+00  0.0000E+00
 -0.4211E+01 -0.1549E+01 -0.3065E+01  0.8239E+00  0.0000E+00  0.0000E+00
 -0.3339E+01 -0.1141E+01 -0.2556E+01  0.6486E+00  0.0000E+00  0.0000E+00
 -0.2545E+01 -0.8067E+00 -0.2051E+01  0.4881E+00  0.0000E+00  0.0000E+00
 -0.1843E+01 -0.5406E+00 -0.1565E+01  0.3467E+00  0.0000E+00  0.0000E+00
 -0.1247E+01 -0.3359E+00 -0.1117E+01  0.2281E+00  0.0000E+00  0.0000E+00
 -0.7646E+00 -0.1877E+00 -0.7266E+00  0.1350E+00  0.0000E+00  0.0000E+00
 -0.4092E+00 -0.8958E-01 -0.4129E+00  0.6846E-01  0.0000E+00  0.0000E+00
 -0.1747E+00 -0.3322E-01 -0.1891E+00  0.2712E-01  0.0000E+00  0.0000E+00
 -0.4830E-01 -0.7666E-02 -0.5823E-01  0.6829E-02  0.0000E+00  0.0000E+00
 -0.4687E-02 -0.4905E-03 -0.6773E-02  0.5661E-03  0.0000E+00  0.0000E+00
  0.0000E+00  0.0000E+00  0.0000E+00  0.0000E+00  0.0000E+00  0.0000E+00
 -0.3019E+03 -0.2853E+03 -0.1023E+02  0.4710E+01
 -0.2736E+03 -0.2580E+03 -0.1005E+02  0.4665E+01
 -0.2480E+03 -0.2335E+03 -0.9871E+01  0.4621E+01
 -0.2250E+03 -0.2115E+03 -0.9704E+01  0.4579E+01
 -0.2042E+03 -0.1917E+03 -0.9546E+01  0.4536E+01
 -0.1856E+03 -0.1739E+03 -0.9397E+01  0.4495E+01
 -0.1688E+03 -0.1578E+03 -0.9256E+01  0.4454E+01
 -0.1536E+03 -0.1434E+03 -0.9123E+01  0.4414E+01
 -0.1399E+03 -0.1304E+03 -0.8998E+01  0.4373E+01
 -0.1276E+03 -0.1186E+03 -0.8880E+01  0.4331E+01
 -0.1164E+03 -0.1080E+03 -0.8769E+01  0.4290E+01
 -0.1063E+03 -0.9840E+02 -0.8665E+01  0.4247E+01
 -0.9712E+02 -0.8973E+02 -0.8567E+01  0.4203E+01
 -0.8882E+02 -0.8186E+02 -0.8474E+01  0.4157E+01
 -0.8130E+02 -0.7472E+02 -0.8386E+01  0.4110E+01
 -0.7448E+02 -0.6823E+02 -0.8302E+01  0.4060E+01
 -0.6828E+02 -0.6233E+02 -0.8221E+01  0.4008E+01
 -0.6264E+02 -0.5695E+02 -0.8143E+01  0.3953E+01
 -0.5751E+02 -0.5203E+02 -0.8066E+01  0.3894E+01
 -0.5283E+02 -0.4754E+02 -0.7989E+01  0.3831E+01
 -0.4857E+02 -0.4343E+02 -0.7912E+01  0.3765E+01
 -0.4467E+02 -0.3965E+02 -0.7833E+01  0.3694E+01
 -0.4110E+02 -0.3618E+02 -0.7750E+01  0.3618E+01
 -0.3783E+02 -0.3298E+02 -0.7663E+01  0.3536E+01
 -0.3483E+02 -0.3003E+02 -0.7569E+01  0.3449E+01
 -0.3207E+02 -0.2730E+02 -0.7467E+01  0.3356E+01
 -0.2953E+02 -0.2478E+02 -0.7355E+01  0.3257E+01
 -0.2719E+02 -0.2245E+02 -0.7231E+01  0.3151E+01
 -0.2501E+02 -0.2028E+02 -0.7094E+01  0.3038E+01
 -0.2299E+02 -0.1827E+02 -0.6942E+01  0.2918E+01
 -0.2111E+02 -0.1642E+02 -0.6772E+01  0.2792E+01
 -0.1936E+02 -0.1469E+02 -0.6584E+01  0.2659E+01
 -0.1771E+02 -0.1310E+02 -0.6375E+01  0.2520E+01
 -0.1616E+02 -0.1163E+02 -0.6145E+01  0.2375E+01
 -0.1470E+02 -0.1027E+02 -0.5892E+01  0.2224E+01
 -0.1332E+02 -0.9022E+01 -0.5616E+01  0.2069E+01
 -0.1201E+02 -0.7876E+01 -0.5316E+01  0.1910E+01
 -0.1077E+02 -0.6831E+01 -0.4995E+01  0.1748E+01
 -0.9581E+01 -0.5876E+01 -0.4650E+01  0.1584E+01
 -0.8457E+01 -0.5012E+01 -0.4287E+01  0.1421E+01
 -0.7390E+01 -0.4230E+01 -0.3905E+01  0.1258E+01
 -0.6380E+01 -0.3527E+01 -0.3508E+01  0.1098E+01
 -0.5426E+01 -0.2897E+01 -0.3099E+01  0.9418E+00
 -0.4530E+01 -0.2338E+01 -0.2684E+01  0.7914E+00
 -0.3693E+01 -0.1842E+01 -0.2266E+01  0.6480E+00
 -0.2918E+01 -0.1408E+01 -0.1851E+01  0.5132E+00
 -0.2204E+01 -0.1030E+01 -0.1443E+01  0.3879E+00
 -0.1555E+01 -0.7041E+00 -0.1049E+01  0.2733E+00
 -0.9820E+00 -0.4381E+00 -0.6736E+00  0.1701E+00
 -0.4595E+00 -0.2008E+00 -0.3222E+00  0.7894E-01
  0.0000E+00  0.0000E+00  0.0000E+00  0.0000E+00
 -0.2179E+03 -0.2034E+03 -0.9951E+01  0.4648E+01
 -0.1982E+03 -0.1847E+03 -0.9776E+01  0.4606E+01
 -0.1805E+03 -0.1678E+03 -0.9610E+01  0.4565E+01
 -0.1644E+03 -0.1527E+03 -0.9453E+01  0.4525E+01
 -0.1500E+03 -0.1390E+03 -0.9305E+01  0.4486E+01
 -0.1369E+03 -0.1267E+03 -0.9165E+01  0.4447E+01
 -0.1251E+03 -0.1156E+03 -0.9034E+01  0.4409E+01
 -0.1144E+03 -0.1055E+03 -0.8911E+01  0.4371E+01
 -0.1047E+03 -0.9644E+02 -0.8795E+01  0.4332E+01
 -0.9591E+02 -0.8820E+02 -0.8687E+01  0.4293E+01
 -0.8794E+02 -0.8072E+02 -0.8585E+01  0.4253E+01
 -0.8070E+02 -0.7392E+02 -0.8490E+01  0.4213E+01
 -0.7412E+02 -0.6774E+02 -0.8401E+01  0.4170E+01
 -0.6813E+02 -0.6212E+02 -0.8317E+01  0.4126E+01
 -0.6268E+02 -0.5698E+02 -0.8239E+01  0.4081E+01
 -0.5771E+02 -0.5229E+02 -0.8163E+01  0.4032E+01
 -0.5317E+02 -0.4799E+02 -0.8092E+01  0.3981E+01
 -0.4901E+02 -0.4403E+02 -0.8023E+01  0.3927E+01
 -0.4521E+02 -0.4040E+02 -0.7955E+01  0.3869E+01
 -0.4172E+02 -0.3705E+02 -0.7887E+01  0.3806E+01
 -0.3852E+02 -0.3395E+02 -0.7819E+01  0.3740E+01
 -0.3558E+02 -0.3108E+02 -0.7748E+01  0.3668E+01
 -0.3287E+02 -0.2841E+02 -0.7674E+01  0.3591E+01
 -0.3037E+02 -0.2593E+02 -0.7594E+01  0.3508E+01
 -0.2807E+02 -0.2363E+02 -0.7507E+01  0.3418E+01
 -0.2593E+02 -0.2147E+02 -0.7410E+01  0.3322E+01
 -0.2395E+02 -0.1946E+02 -0.7303E+01  0.3218E+01
 -0.2210E+02 -0.1758E+02 -0.7183E+01  0.3107E+01
 -0.2038E+02 -0.1582E+02 -0.7046E+01  0.2988E+01
 -0.1876E+02 -0.1417E+02 -0.6892E+01  0.2861E+01
 -0.1725E+02 -0.1263E+02 -0.6718E+01  0.2726E+01
 -0.1581E+02 -0.1119E+02 -0.6521E+01  0.2583E+01
 -0.1446E+02 -0.9851E+01 -0.6301E+01  0.2433E+01
 -0.1316E+02 -0.8610E+01 -0.6053E+01  0.2275E+01
 -0.1193E+02 -0.7464E+01 -0.5777E+01  0.2110E+01
 -0.1074E+02 -0.6411E+01 -0.5472E+01  0.1939E+01
 -0.9597E+01 -0.5448E+01 -0.5138E+01  0.1763E+01
 -0.8498E+01 -0.4576E+01 -0.4774E+01  0.1584E+01
 -0.7440E+01 -0.3791E+01 -0.4382E+01  0.1402E+01
 -0.6424E+01 -0.3091E+01 -0.3963E+01  0.1221E+01
 -0.5453E+01 -0.2473E+01 -0.3522E+01  0.1042E+01
 -0.4531E+01 -0.1933E+01 -0.3063E+01  0.8684E+00
 -0.3666E+01 -0.1468E+01 -0.2594E+01  0.7019E+00
 -0.2864E+01 -0.1075E+01 -0.2123E+01  0.5461E+00
 -0.2137E+01 -0.7490E+00 -0.1660E+01  0.4040E+00
 -0.1496E+01 -0.4874E+00 -0.1220E+01  0.2789E+00
 -0.9523E+00 -0.2866E+00 -0.8174E+00  0.1740E+00
 -0.5202E+00 -0.1430E+00 -0.4724E+00  0.9231E-01
 -0.2133E+00 -0.5263E-01 -0.2070E+00  0.3626E-01
 -0.4181E-01 -0.8826E-02 -0.4461E-01  0.6626E-02
  0.0000E+00  0.0000E+00  0.0000E+00  0.0000E+00
 -0.3019E+03 -0.2853E+03 -0.1023E+02  0.4710E+01 -0.3019E+03 -0.2853E+03
 -0.2736E+03 -0.2580E+03 -0.1005E+02  0.4665E+01 -0.2736E+03 -0.2580E+03
 -0.2480E+03 -0.2335E+03 -0.9871E+01  0.4621E+01 -0.2480E+03 -0.2335E+03
 -0.2250E+03 -0.2115E+03 -0.9704E+01  0.4579E+01 -0.2250E+03 -0.2115E+03
 -0.2042E+03 -0.1917E+03 -0.9546E+01  0.4536E+01 -0.2042E+03 -0.1917E+03
 -0.1856E+03 -0.1739E+03 -0.9397E+01  0.4495E+01 -0.1856E+03 -0.1739E+03
 -0.1688E+03 -0.1578E+03 -0.9256E+01  0.4454E+01 -0.1688E+03 -0.1578E+03
 -0.1536E+03 -0.1434E+03 -0.9123E+01  0.4414E+01 -0.1536E+03 -0.1434E+03
 -0.1399E+03 -0.1304E+03 -0.8998E+01  0.4373E+01 -0.1399E+03 -0.1304E+03
 -0.1276E+03 -0.1186E+03 -0.8880E+01  0.4331E+01 -0.1276E+03 -0.1186E+03
 -0.1164E+03 -0.1080E+03 -0.8769E+01  0.4290E+01 -0.1164E+03 -0.1080E+03
 -0.1063E+03 -0.9840E+02 -0.8665E+01  0.4247E+01 -0.1063E+03 -0.9840E+02
 -0.9712E+02 -0.8973E+02 -0.8567E+01  0.4203E+01 -0.9712E+02 -0.8973E+02
 -0.8882E+02 -0.8186E+02 -0.8474E+01  0.4157E+01 -0.8882E+02 -0.8186E+02
 -0.8130E+02 -0.7472E+02 -0.8386E+01  0.4110E+01 -0.8130E+02 -0.7472E+02
 -0.7448E+02 -0.6823E+02 -0.8302E+01  0.4060E+01 -0.7448E+02 -0.6823E+02
 -0.6828E+02 -0.6233E+02 -0.8221E+01  0.4008E+01 -0.6828E+02 -0.6233E+02
 -0.6264E+02 -0.5695E+02 -0.8143E+01  0.3953E+01 -0.6264E+02 -0.5695E+02
 -0.5751E+02 -0.5203E+02 -0.8066E+01  0.3894E+01 -0.5751E+02 -0.5203E+02
 -0.5283E+02 -0.4754E+02 -0.7989E+01  0.3831E+01 -0.5283E+02 -0.4754E+02
 -0.4857E+02 -0.4343E+02 -0.7912E+01  0.3765E+01 -0.4857E+02 -0.4343E+02
 -0.4467E+02 -0.3965E+02 -0.7833E+01  0.3694E+01 -0.4467E+02 -0.3965E+02
 -0.4110E+02 -0.3618E+02 -0.7750E+01  0.3618E+01 -0.4110E+02 -0.3618E+02
 -0.3783E+02 -0.3298E+02 -0.7663E+01  0.3536E+01 -0.3783E+02 -0.3298E+02
 -0.3483E+02 -0.3003E+02 -0.7569E+01  0.3449E+01 -0.3483E+02 -0.3003E+02
 -0.3207E+02 -0.2730E+02 -0.7467E+01  0.3356E+01 -0.3207E+02 -0.2730E+02
 -0.2953E+02 -0.2478E+02 -0.7355E+01  0.3257E+01 -0.2953E+02 -0.2478E+02
 -0.2719E+02 -0.2245E+02 -0.7231E+01  0.3151E+01 -0.2719E+02 -0.2245E+02
 -0.2501E+02 -0.2028E+02 -0.7094E+01  0.3038E+01 -0.2501E+02 -0.2028E+02
 -0.2299E+02 -0.1827E+02 -0.6942E+01  0.2918E+01 -0.2299E+02 -0.1827E+02
 -0.2111E+02 -0.1642E+02 -0.6772E+01  0.2792E+01 -0.2111E+02 -0.1642E+02
 -0.1936E+02 -0.1469E+02 -0.6584E+01  0.2659E+01 -0.1936E+02 -0.1469E+02
 -0.1771E+02 -0.1310E+02 -0.6375E+01  0.2520E+01 -0.1771E+02 -0.1310E+02
 -0.1616E+02 -0.1163E+02 -0.6145E+01  0.2375E+01 -0.1616E+02 -0.1163E+02
 -0.1470E+02 -0.1027E+02 -0.5892E+01  0.2224E+01 -0.1470E+02 -0.1027E+02
 -0.1332E+02 -0.9022E+01 -0.5616E+01  0.2069E+01 -0.1332E+02 -0.9022E+01
 -0.1201E+02 -0.7876E+01 -0.5316E+01  0.1910E+01 -0.1201E+02 -0.7876E+01
 -0.1077E+02 -0.6831E+01 -0.4995E+01  0.1748E+01 -0.1077E+02 -0.6831E+01
 -0.9581E+01 -0.5876E+01 -0.4650E+01  0.1584E+01 -0.9581E+01 -0.5876E+01
 -0.8457E+01 -0.5012E+01 -0.4287E+01  0.1421E+01 -0.8457E+01 -0.5012E+01
 -0.7390E+01 -0.4230E+01 -0.3905E+01  0.1258E+01 -0.7390E+01 -0.4230E+01
 -0.6380E+01 -0.3527E+01 -0.3508E+01  0.1098E+01 -0.6380E+01 -0.3527E+01
 -0.5426E+01 -0.2897E+01 -0.3099E+01  0.9418E+00 -0.5426E+01 -0.2897E+01
 -0.4530E+01 -0.2338E+01 -0.2684E+01  0.7914E+00 -0.4530E+01 -0.2338E+01
 -0.3693E+01 -0.1842E+01 -0.2266E+01  0.6480E+00 -0.3693E+01 -0.1842E+01
 -0.2918E+01 -0.1408E+01 -0.1851E+01  0.5132E+00 -0.2918E+01 -0.1408E+01
 -0.2204E+01 -0.1030E+01 -0.1443E+01  0.3879E+00 -0.2204E+01 -0.1030E+01
 -0.1555E+01 -0.7041E+00 -0.1049E+01  0.2733E+00 -0.1555E+01 -0.7041E+00
 -0.9820E+00 -0.4381E+00 -0.6736E+00  0.1701E+00 -0.9820E+00 -0.4381E+00
 -0.4595E+00 -0.2008E+00 -0.3222E+00  0.7894E-01 -0.4595E+00 -0.2008E+00
  0.0000E+00  0.0000E+00  0.0000E+00  0.0000E+00  0.0000E+00  0.0000E+00
 -0.2179E+03 -0.2034E+03 -0.9951E+01  0.4648E+01 -0.2179E+03 -0.2034E+03
 -0.1982E+03 -0.1847E+03 -0.9776E+01  0.4606E+01 -0.1982E+03 -0.1847E+03
 -0.1805E+03 -0.1678E+03 -0.9610E+01  0.4565E+01 -0.1805E+03 -0.1678E+03
 -0.1644E+03 -0.1527E+03 -0.9453E+01  0.4525E+01 -0.1644E+03 -0.1527E+03
 -0.1500E+03 -0.1390E+03 -0.9305E+01  0.4486E+01 -0.1500E+03 -0.1390E+03
 -0.1369E+03 -0.1267E+03 -0.9165E+01  0.4447E+01 -0.1369E+03 -0.1267E+03
 -0.1251E+03 -0.1156E+03 -0.9034E+01  0.4409E+01 -0.1251E+03 -0.1156E+03
 -0.1144E+03 -0.1055E+03 -0.8911E+01  0.4371E+01 -0.1144E+03 -0.1055E+03
 -0.1047E+03 -0.9644E+02 -0.8795E+01  0.4332E+01 -0.1047E+03 -0.9644E+02
 -0.9591E+02 -0.8820E+02 -0.8687E+01  0.4293E+01 -0.9591E+02 -0.8820E+02
 -0.8794E+02 -0.8072E+02 -0.8585E+01  0.4253E+01 -0.8794E+02 -0.8072E+02
 -0.8070E+02 -0.7392E+02 -0.8490E+01  0.4213E+01 -0.8070E+02 -0.7392E+02
 -0.7412E+02 -0.6774E+02 -0.8401E+01  0.4170E+01 -0.7412E+02 -0.6774E+02
 -0.6813E+02 -0.6212E+02 -0.8317E+01  0.4126E+01 -0.6813E+02 -0.6212E+02
 -0.6268E+02 -0.5698E+02 -0.8239E+01  0.4081E+01 -0.6268E+02 -0.5698E+02
 -0.5771E+02 -0.5229E+02 -0.8163E+01  0.4032E+01 -0.5771E+02 -0.5229E+02
 -0.5317E+02 -0.4799E+02 -0.8092E+01  0.3981E+01 -0.5317E+02 -0.4799E+02
 -0.4901E+02 -0.4403E+02 -0.8023E+01  0.3927E+01 -0.4901E+02 -0.4403E+02
 -0.4521E+02 -0.4040E+02 -0.7955E+01  0.3869E+01 -0.4521E+02 -0.4040E+02
 -0.4172E+02 -0.3705E+02 -0.7887E+01  0.3806E+01 -0.4172E+02 -0.3705E+02
 -0.3852E+02 -0.3395E+02 -0.7819E+01  0.3740E+01 -0.3852E+02 -0.3395E+02
 -0.3558E+02 -0.3108E+02 -0.7748E+01  0.3668E+01 -0.3558E+02 -0.3108E+02
 -0.3287E+02 -0.2841E+02 -0.7674E+01  0.3591E+01 -0.3287E+02 -0.2841E+02
 -0.3037E+02 -0.2593E+02 -0.7594E+01  0.3508E+01 -0.3037E+02 -0.2593E+02
 -0.2807E+02 -0.2363E+02 -0.7507E+01  0.3418E+01 -0.2807E+02 -0.2363E+02
 -0.2593E+02 -0.2147E+02 -0.7410E+01  0.3322E+01 -0.2593E+02 -0.2147E+02
 -0.2395E+02 -0.1946E+02 -0.7303E+01  0.3218E+01 -0.2395E+02 -0.1946E+02
 -0.2210E+02 -0.1758E+02 -0.7183E+01  0.3107E+01 -0.2210E+02 -0.1758E+02
 -0.2038E+02 -0.1582E+02 -0.7046E+01  0.2988E+01 -0.2038E+02 -0.1582E+02
 -0.1876E+02 -0.1417E+02 -0.6892E+01  0.2861E+01 -0.1876E+02 -0.1417E+02
 -0.1725E+02 -0.1263E+02 -0.6718E+01  0.2726E+01 -0.1725E+02 -0.1263E+02
 -0.1581E+02 -0.1119E+02 -0.6521E+01  0.2583E+01 -0.1581E+02 -0.1119E+02
 -0.1446E+02 -0.9851E+01 -0.6301E+01  0.2433E+01 -0.1446E+02 -0.9851E+01
 -0.1316E+02 -0.8610E+01 -0.6053E+01  0.2275E+01 -0.1316E+02 -0.8610E+01
 -0.1193E+02 -0.7464E+01 -0.5777E+01  0.2110E+01 -0.1193E+02 -0.7464E+01
 -0.1074E+02 -0.6411E+01 -0.5472E+01  0.1939E+01 -0.1074E+02 -0.6411E+01
 -0.9597E+01 -0.5448E+01 -0.5138E+01  0.1763E+01 -0.9597E+01 -0.5448E+01
 -0.8498E+01 -0.4576E+01 -0.4774E+01  0.1584E+01 -0.8498E+01 -0.4576E+01
 -0.7440E+01 -0.3791E+01 -0.4382E+01  0.1402E+01 -0.7440E+01 -0.3791E+01
 -0.6424E+01 -0.3091E+01 -0.3963E+01  0.1221E+01 -0.6424E+01 -0.3091E+01
 -0.5453E+01 -0.2473E+01 -0.3522E+01  0.1042E+01 -0.5453E+01 -0.2473E+01
 -0.4531E+01 -0.1933E+01 -0.3063E+01  0.8684E+00 -0.4531E+01 -0.1933E+01
 -0.3666E+01 -0.1468E+01 -0.2594E+01  0.7019E+00 -0.3666E+01 -0.1468E+01
 -0.2864E+01 -0.1075E+01 -0.2123E+01  0.5461E+00 -0.2864E+01 -0.1075E+01
 -0.2137E+01 -0.7490E+00 -0.1660E+01  0.4040E+00 -0.2137E+01 -0.7490E+00
 -0.1496E+01 -0.4874E+00 -0.1220E+01  0.2789E+00 -0.1496E+01 -0.4874E+00
 -0.9523E+00 -0.2866E+00 -0.8174E+00  0.1740E+00 -0.9523E+00 -0.2866E+00
 -0.5202E+00 -0.1430E+00 -0.4724E+00  0.9231E-01 -0.5202E+00 -0.1430E+00
 -0.2133E+00 -0.5263E-01 -0.2070E+00  0.3626E-01 -0.2133E+00 -0.5263E-01
 -0.4181E-01 -0.8826E-02 -0.4461E-01  0.6626E-02 -0.4181E-01 -0.8826E-02
  0.0000E+00  0.0000E+00  0.0000E+00  0.0000E+00  0.0000E+00  0.0000E+00
